Isotropic, class F                      
 
 
B    1000
     2.5    67.5     2.5     1.0
     2.5    87.5     7.5     1.0
     2.5    42.5    17.5     1.0
     2.5    62.5    22.5     1.0
     2.5    82.5    27.5     1.0
     2.5    27.5    37.5     1.0
     2.5    52.5    42.5     1.0
     2.5    72.5    47.5     1.0
     2.5    12.5    57.5     1.0
     2.5    47.5    62.5     1.0
     2.5    67.5    67.5     1.0
     2.5    82.5    72.5     1.0
     2.5    37.5    82.5     1.0
     2.5    57.5    87.5     1.0
     7.5    77.5     2.5     1.0
     7.5    22.5    12.5     1.0
     7.5    52.5    17.5     1.0
     7.5    72.5    22.5     1.0
     7.5    87.5    27.5     1.0
     7.5    42.5    37.5     1.0
     7.5    62.5    42.5     1.0
     7.5    82.5    47.5     1.0
     7.5    32.5    57.5     1.0
     7.5    57.5    62.5     1.0
     7.5    77.5    67.5     1.0
     7.5    17.5    77.5     1.0
     7.5    47.5    82.5     1.0
     7.5    67.5    87.5     1.0
    12.5    87.5     2.5     1.0
    12.5    37.5    12.5     1.0
    12.5    62.5    17.5     1.0
    12.5    77.5    22.5     1.0
    12.5    27.5    32.5     1.0
    12.5    52.5    37.5     1.0
    12.5    72.5    42.5     1.0
    12.5     7.5    52.5     1.0
    12.5    47.5    57.5     1.0
    12.5    67.5    62.5     1.0
    12.5    82.5    67.5     1.0
    12.5    37.5    77.5     1.0
    12.5    57.5    82.5     1.0
    12.5    77.5    87.5     1.0
    17.5    22.5     7.5     1.0
    17.5    52.5    12.5     1.0
    17.5    72.5    17.5     1.0
    17.5    87.5    22.5     1.0
    17.5    42.5    32.5     1.0
    17.5    62.5    37.5     1.0
    17.5    82.5    42.5     1.0
    17.5    32.5    52.5     1.0
    17.5    57.5    57.5     1.0
    17.5    77.5    62.5     1.0
    17.5    17.5    72.5     1.0
    17.5    47.5    77.5     1.0
    17.5    67.5    82.5     1.0
    17.5    87.5    87.5     1.0
    22.5    37.5     7.5     1.0
    22.5    62.5    12.5     1.0
    22.5    77.5    17.5     1.0
    22.5    27.5    27.5     1.0
    22.5    52.5    32.5     1.0
    22.5    72.5    37.5     1.0
    22.5     2.5    47.5     1.0
    22.5    47.5    52.5     1.0
    22.5    67.5    57.5     1.0
    22.5    82.5    62.5     1.0
    22.5    37.5    72.5     1.0
    22.5    57.5    77.5     1.0
    22.5    77.5    82.5     1.0
    27.5    22.5     2.5     1.0
    27.5    52.5     7.5     1.0
    27.5    72.5    12.5     1.0
    27.5    87.5    17.5     1.0
    27.5    42.5    27.5     1.0
    27.5    62.5    32.5     1.0
    27.5    82.5    37.5     1.0
    27.5    32.5    47.5     1.0
    27.5    57.5    52.5     1.0
    27.5    72.5    57.5     1.0
    27.5    17.5    67.5     1.0
    27.5    47.5    72.5     1.0
    27.5    67.5    77.5     1.0
    27.5    87.5    82.5     1.0
    32.5    37.5     2.5     1.0
    32.5    62.5     7.5     1.0
    32.5    77.5    12.5     1.0
    32.5    27.5    22.5     1.0
    32.5    52.5    27.5     1.0
    32.5    72.5    32.5     1.0
    32.5    87.5    37.5     1.0
    32.5    42.5    47.5     1.0
    32.5    67.5    52.5     1.0
    32.5    82.5    57.5     1.0
    32.5    32.5    67.5     1.0
    32.5    57.5    72.5     1.0
    32.5    77.5    77.5     1.0
    32.5    22.5    87.5     1.0
    37.5    52.5     2.5     1.0
    37.5    72.5     7.5     1.0
    37.5    87.5    12.5     1.0
    37.5    42.5    22.5     1.0
    37.5    62.5    27.5     1.0
    37.5    82.5    32.5     1.0
    37.5    32.5    42.5     1.0
    37.5    57.5    47.5     1.0
    37.5    72.5    52.5     1.0
    37.5    12.5    62.5     1.0
    37.5    47.5    67.5     1.0
    37.5    67.5    72.5     1.0
    37.5    87.5    77.5     1.0
    37.5    37.5    87.5     1.0
    42.5    62.5     2.5     1.0
    42.5    77.5     7.5     1.0
    42.5    27.5    17.5     1.0
    42.5    52.5    22.5     1.0
    42.5    72.5    27.5     1.0
    42.5    87.5    32.5     1.0
    42.5    42.5    42.5     1.0
    42.5    67.5    47.5     1.0
    42.5    82.5    52.5     1.0
    42.5    32.5    62.5     1.0
    42.5    57.5    67.5     1.0
    42.5    77.5    72.5     1.0
    42.5    17.5    82.5     1.0
    42.5    47.5    87.5     1.0
    47.5    67.5     2.5     1.0
    47.5    87.5     7.5     1.0
    47.5    42.5    17.5     1.0
    47.5    62.5    22.5     1.0
    47.5    82.5    27.5     1.0
    47.5    27.5    37.5     1.0
    47.5    57.5    42.5     1.0
    47.5    72.5    47.5     1.0
    47.5    12.5    57.5     1.0
    47.5    47.5    62.5     1.0
    47.5    67.5    67.5     1.0
    47.5    82.5    72.5     1.0
    47.5    37.5    82.5     1.0
    47.5    57.5    87.5     1.0
    52.5    77.5     2.5     1.0
    52.5    22.5    12.5     1.0
    52.5    52.5    17.5     1.0
    52.5    72.5    22.5     1.0
    52.5    87.5    27.5     1.0
    52.5    42.5    37.5     1.0
    52.5    62.5    42.5     1.0
    52.5    82.5    47.5     1.0
    52.5    32.5    57.5     1.0
    52.5    57.5    62.5     1.0
    52.5    77.5    67.5     1.0
    52.5    17.5    77.5     1.0
    52.5    47.5    82.5     1.0
    52.5    67.5    87.5     1.0
    57.5    87.5     2.5     1.0
    57.5    42.5    12.5     1.0
    57.5    62.5    17.5     1.0
    57.5    82.5    22.5     1.0
    57.5    27.5    32.5     1.0
    57.5    52.5    37.5     1.0
    57.5    72.5    42.5     1.0
    57.5     7.5    52.5     1.0
    57.5    47.5    57.5     1.0
    57.5    67.5    62.5     1.0
    57.5    82.5    67.5     1.0
    57.5    37.5    77.5     1.0
    57.5    57.5    82.5     1.0
    57.5    77.5    87.5     1.0
    62.5    22.5     7.5     1.0
    62.5    52.5    12.5     1.0
    62.5    72.5    17.5     1.0
    62.5    87.5    22.5     1.0
    62.5    42.5    32.5     1.0
    62.5    62.5    37.5     1.0
    62.5    82.5    42.5     1.0
    62.5    32.5    52.5     1.0
    62.5    57.5    57.5     1.0
    62.5    77.5    62.5     1.0
    62.5    17.5    72.5     1.0
    62.5    47.5    77.5     1.0
    62.5    67.5    82.5     1.0
    62.5    87.5    87.5     1.0
    67.5    37.5     7.5     1.0
    67.5    62.5    12.5     1.0
    67.5    77.5    17.5     1.0
    67.5    27.5    27.5     1.0
    67.5    52.5    32.5     1.0
    67.5    72.5    37.5     1.0
    67.5     7.5    47.5     1.0
    67.5    47.5    52.5     1.0
    67.5    67.5    57.5     1.0
    67.5    82.5    62.5     1.0
    67.5    37.5    72.5     1.0
    67.5    57.5    77.5     1.0
    67.5    77.5    82.5     1.0
    72.5    22.5     2.5     1.0
    72.5    52.5     7.5     1.0
    72.5    72.5    12.5     1.0
    72.5    87.5    17.5     1.0
    72.5    42.5    27.5     1.0
    72.5    62.5    32.5     1.0
    72.5    82.5    37.5     1.0
    72.5    32.5    47.5     1.0
    72.5    57.5    52.5     1.0
    72.5    72.5    57.5     1.0
    72.5    17.5    67.5     1.0
    72.5    47.5    72.5     1.0
    72.5    67.5    77.5     1.0
    72.5    87.5    82.5     1.0
    77.5    37.5     2.5     1.0
    77.5    62.5     7.5     1.0
    77.5    77.5    12.5     1.0
    77.5    27.5    22.5     1.0
    77.5    52.5    27.5     1.0
    77.5    72.5    32.5     1.0
    77.5    87.5    37.5     1.0
    77.5    42.5    47.5     1.0
    77.5    67.5    52.5     1.0
    77.5    82.5    57.5     1.0
    77.5    32.5    67.5     1.0
    77.5    57.5    72.5     1.0
    77.5    77.5    77.5     1.0
    77.5    22.5    87.5     1.0
    82.5    52.5     2.5     1.0
    82.5    72.5     7.5     1.0
    82.5    87.5    12.5     1.0
    82.5    42.5    22.5     1.0
    82.5    62.5    27.5     1.0
    82.5    82.5    32.5     1.0
    82.5    32.5    42.5     1.0
    82.5    57.5    47.5     1.0
    82.5    72.5    52.5     1.0
    82.5    12.5    62.5     1.0
    82.5    47.5    67.5     1.0
    82.5    67.5    72.5     1.0
    82.5    87.5    77.5     1.0
    82.5    37.5    87.5     1.0
    87.5    62.5     2.5     1.0
    87.5    77.5     7.5     1.0
    87.5    27.5    17.5     1.0
    87.5    52.5    22.5     1.0
    87.5    72.5    27.5     1.0
    87.5    87.5    32.5     1.0
    87.5    42.5    42.5     1.0
    87.5    67.5    47.5     1.0
    87.5    82.5    52.5     1.0
    87.5    32.5    62.5     1.0
    87.5    57.5    67.5     1.0
    87.5    77.5    72.5     1.0
    87.5    22.5    82.5     1.0
    87.5    47.5    87.5     1.0
    92.5    67.5     2.5     1.0
    92.5    87.5     7.5     1.0
    92.5    42.5    17.5     1.0
    92.5    62.5    22.5     1.0
    92.5    82.5    27.5     1.0
    92.5    27.5    37.5     1.0
    92.5    57.5    42.5     1.0
    92.5    72.5    47.5     1.0
    92.5    12.5    57.5     1.0
    92.5    47.5    62.5     1.0
    92.5    67.5    67.5     1.0
    92.5    82.5    72.5     1.0
    92.5    37.5    82.5     1.0
    92.5    62.5    87.5     1.0
    97.5    77.5     2.5     1.0
    97.5    27.5    12.5     1.0
    97.5    52.5    17.5     1.0
    97.5    72.5    22.5     1.0
    97.5    87.5    27.5     1.0
    97.5    42.5    37.5     1.0
    97.5    62.5    42.5     1.0
    97.5    82.5    47.5     1.0
    97.5    32.5    57.5     1.0
    97.5    57.5    62.5     1.0
    97.5    77.5    67.5     1.0
    97.5    17.5    77.5     1.0
    97.5    47.5    82.5     1.0
    97.5    67.5    87.5     1.0
   102.5    87.5     2.5     1.0
   102.5    42.5    12.5     1.0
   102.5    62.5    17.5     1.0
   102.5    82.5    22.5     1.0
   102.5    27.5    32.5     1.0
   102.5    52.5    37.5     1.0
   102.5    72.5    42.5     1.0
   102.5     7.5    52.5     1.0
   102.5    47.5    57.5     1.0
   102.5    67.5    62.5     1.0
   102.5    82.5    67.5     1.0
   102.5    37.5    77.5     1.0
   102.5    57.5    82.5     1.0
   102.5    77.5    87.5     1.0
   107.5    22.5     7.5     1.0
   107.5    52.5    12.5     1.0
   107.5    72.5    17.5     1.0
   107.5    87.5    22.5     1.0
   107.5    42.5    32.5     1.0
   107.5    62.5    37.5     1.0
   107.5    82.5    42.5     1.0
   107.5    32.5    52.5     1.0
   107.5    57.5    57.5     1.0
   107.5    77.5    62.5     1.0
   107.5    17.5    72.5     1.0
   107.5    47.5    77.5     1.0
   107.5    67.5    82.5     1.0
   107.5    87.5    87.5     1.0
   112.5    37.5     7.5     1.0
   112.5    62.5    12.5     1.0
   112.5    77.5    17.5     1.0
   112.5    27.5    27.5     1.0
   112.5    52.5    32.5     1.0
   112.5    72.5    37.5     1.0
   112.5     7.5    47.5     1.0
   112.5    47.5    52.5     1.0
   112.5    67.5    57.5     1.0
   112.5    82.5    62.5     1.0
   112.5    37.5    72.5     1.0
   112.5    57.5    77.5     1.0
   112.5    77.5    82.5     1.0
   117.5    22.5     2.5     1.0
   117.5    52.5     7.5     1.0
   117.5    72.5    12.5     1.0
   117.5    87.5    17.5     1.0
   117.5    42.5    27.5     1.0
   117.5    62.5    32.5     1.0
   117.5    82.5    37.5     1.0
   117.5    32.5    47.5     1.0
   117.5    57.5    52.5     1.0
   117.5    77.5    57.5     1.0
   117.5    17.5    67.5     1.0
   117.5    47.5    72.5     1.0
   117.5    67.5    77.5     1.0
   117.5    87.5    82.5     1.0
   122.5    37.5     2.5     1.0
   122.5    62.5     7.5     1.0
   122.5    77.5    12.5     1.0
   122.5    27.5    22.5     1.0
   122.5    52.5    27.5     1.0
   122.5    72.5    32.5     1.0
   122.5     2.5    42.5     1.0
   122.5    47.5    47.5     1.0
   122.5    67.5    52.5     1.0
   122.5    82.5    57.5     1.0
   122.5    37.5    67.5     1.0
   122.5    57.5    72.5     1.0
   122.5    77.5    77.5     1.0
   122.5    22.5    87.5     1.0
   127.5    52.5     2.5     1.0
   127.5    72.5     7.5     1.0
   127.5    87.5    12.5     1.0
   127.5    42.5    22.5     1.0
   127.5    62.5    27.5     1.0
   127.5    82.5    32.5     1.0
   127.5    32.5    42.5     1.0
   127.5    57.5    47.5     1.0
   127.5    72.5    52.5     1.0
   127.5    12.5    62.5     1.0
   127.5    47.5    67.5     1.0
   127.5    67.5    72.5     1.0
   127.5    87.5    77.5     1.0
   127.5    37.5    87.5     1.0
   132.5    62.5     2.5     1.0
   132.5    77.5     7.5     1.0
   132.5    27.5    17.5     1.0
   132.5    52.5    22.5     1.0
   132.5    72.5    27.5     1.0
   132.5    87.5    32.5     1.0
   132.5    42.5    42.5     1.0
   132.5    67.5    47.5     1.0
   132.5    82.5    52.5     1.0
   132.5    32.5    62.5     1.0
   132.5    57.5    67.5     1.0
   132.5    77.5    72.5     1.0
   132.5    22.5    82.5     1.0
   132.5    52.5    87.5     1.0
   137.5    72.5     2.5     1.0
   137.5    87.5     7.5     1.0
   137.5    42.5    17.5     1.0
   137.5    62.5    22.5     1.0
   137.5    82.5    27.5     1.0
   137.5    32.5    37.5     1.0
   137.5    57.5    42.5     1.0
   137.5    72.5    47.5     1.0
   137.5    12.5    57.5     1.0
   137.5    47.5    62.5     1.0
   137.5    67.5    67.5     1.0
   137.5    87.5    72.5     1.0
   137.5    37.5    82.5     1.0
   137.5    62.5    87.5     1.0
   142.5    77.5     2.5     1.0
   142.5    27.5    12.5     1.0
   142.5    52.5    17.5     1.0
   142.5    72.5    22.5     1.0
   142.5    87.5    27.5     1.0
   142.5    42.5    37.5     1.0
   142.5    67.5    42.5     1.0
   142.5    82.5    47.5     1.0
   142.5    32.5    57.5     1.0
   142.5    57.5    62.5     1.0
   142.5    77.5    67.5     1.0
   142.5    17.5    77.5     1.0
   142.5    47.5    82.5     1.0
   142.5    67.5    87.5     1.0
   147.5    87.5     2.5     1.0
   147.5    42.5    12.5     1.0
   147.5    62.5    17.5     1.0
   147.5    82.5    22.5     1.0
   147.5    27.5    32.5     1.0
   147.5    57.5    37.5     1.0
   147.5    72.5    42.5     1.0
   147.5    12.5    52.5     1.0
   147.5    47.5    57.5     1.0
   147.5    67.5    62.5     1.0
   147.5    82.5    67.5     1.0
   147.5    37.5    77.5     1.0
   147.5    57.5    82.5     1.0
   147.5    77.5    87.5     1.0
   152.5    22.5     7.5     1.0
   152.5    52.5    12.5     1.0
   152.5    72.5    17.5     1.0
   152.5    87.5    22.5     1.0
   152.5    42.5    32.5     1.0
   152.5    62.5    37.5     1.0
   152.5    82.5    42.5     1.0
   152.5    32.5    52.5     1.0
   152.5    57.5    57.5     1.0
   152.5    77.5    62.5     1.0
   152.5    17.5    72.5     1.0
   152.5    47.5    77.5     1.0
   152.5    67.5    82.5     1.0
   152.5    87.5    87.5     1.0
   157.5    42.5     7.5     1.0
   157.5    62.5    12.5     1.0
   157.5    82.5    17.5     1.0
   157.5    27.5    27.5     1.0
   157.5    52.5    32.5     1.0
   157.5    72.5    37.5     1.0
   157.5     7.5    47.5     1.0
   157.5    47.5    52.5     1.0
   157.5    67.5    57.5     1.0
   157.5    82.5    62.5     1.0
   157.5    37.5    72.5     1.0
   157.5    57.5    77.5     1.0
   157.5    77.5    82.5     1.0
   162.5    22.5     2.5     1.0
   162.5    52.5     7.5     1.0
   162.5    72.5    12.5     1.0
   162.5    87.5    17.5     1.0
   162.5    42.5    27.5     1.0
   162.5    62.5    32.5     1.0
   162.5    82.5    37.5     1.0
   162.5    32.5    47.5     1.0
   162.5    57.5    52.5     1.0
   162.5    77.5    57.5     1.0
   162.5    17.5    67.5     1.0
   162.5    47.5    72.5     1.0
   162.5    67.5    77.5     1.0
   162.5    87.5    82.5     1.0
   167.5    37.5     2.5     1.0
   167.5    62.5     7.5     1.0
   167.5    77.5    12.5     1.0
   167.5    27.5    22.5     1.0
   167.5    52.5    27.5     1.0
   167.5    72.5    32.5     1.0
   167.5     7.5    42.5     1.0
   167.5    47.5    47.5     1.0
   167.5    67.5    52.5     1.0
   167.5    82.5    57.5     1.0
   167.5    37.5    67.5     1.0
   167.5    57.5    72.5     1.0
   167.5    77.5    77.5     1.0
   167.5    22.5    87.5     1.0
   172.5    52.5     2.5     1.0
   172.5    72.5     7.5     1.0
   172.5    87.5    12.5     1.0
   172.5    42.5    22.5     1.0
   172.5    62.5    27.5     1.0
   172.5    82.5    32.5     1.0
   172.5    32.5    42.5     1.0
   172.5    57.5    47.5     1.0
   172.5    77.5    52.5     1.0
   172.5    17.5    62.5     1.0
   172.5    47.5    67.5     1.0
   172.5    67.5    72.5     1.0
   172.5    87.5    77.5     1.0
   172.5    37.5    87.5     1.0
   177.5    62.5     2.5     1.0
   177.5    77.5     7.5     1.0
   177.5    27.5    17.5     1.0
   177.5    52.5    22.5     1.0
   177.5    72.5    27.5     1.0
   177.5    87.5    32.5     1.0
   177.5    47.5    42.5     1.0
   177.5    67.5    47.5     1.0
   177.5    82.5    52.5     1.0
   177.5    37.5    62.5     1.0
   177.5    57.5    67.5     1.0
   177.5    77.5    72.5     1.0
   177.5    22.5    82.5     1.0
   177.5    52.5    87.5     1.0
   182.5    72.5     2.5     1.0
   182.5    87.5     7.5     1.0
   182.5    42.5    17.5     1.0
   182.5    62.5    22.5     1.0
   182.5    82.5    27.5     1.0
   182.5    32.5    37.5     1.0
   182.5    57.5    42.5     1.0
   182.5    72.5    47.5     1.0
   182.5    12.5    57.5     1.0
   182.5    47.5    62.5     1.0
   182.5    67.5    67.5     1.0
   182.5    87.5    72.5     1.0
   182.5    37.5    82.5     1.0
   182.5    62.5    87.5     1.0
   187.5    77.5     2.5     1.0
   187.5    27.5    12.5     1.0
   187.5    52.5    17.5     1.0
   187.5    72.5    22.5     1.0
   187.5    87.5    27.5     1.0
   187.5    42.5    37.5     1.0
   187.5    67.5    42.5     1.0
   187.5    82.5    47.5     1.0
   187.5    32.5    57.5     1.0
   187.5    57.5    62.5     1.0
   187.5    77.5    67.5     1.0
   187.5    22.5    77.5     1.0
   187.5    52.5    82.5     1.0
   187.5    72.5    87.5     1.0
   192.5    87.5     2.5     1.0
   192.5    42.5    12.5     1.0
   192.5    62.5    17.5     1.0
   192.5    82.5    22.5     1.0
   192.5    32.5    32.5     1.0
   192.5    57.5    37.5     1.0
   192.5    72.5    42.5     1.0
   192.5    12.5    52.5     1.0
   192.5    47.5    57.5     1.0
   192.5    67.5    62.5     1.0
   192.5    87.5    67.5     1.0
   192.5    37.5    77.5     1.0
   192.5    62.5    82.5     1.0
   192.5    77.5    87.5     1.0
   197.5    27.5     7.5     1.0
   197.5    52.5    12.5     1.0
   197.5    72.5    17.5     1.0
   197.5    87.5    22.5     1.0
   197.5    42.5    32.5     1.0
   197.5    67.5    37.5     1.0
   197.5    82.5    42.5     1.0
   197.5    32.5    52.5     1.0
   197.5    57.5    57.5     1.0
   197.5    77.5    62.5     1.0
   197.5    22.5    72.5     1.0
   197.5    52.5    77.5     1.0
   197.5    67.5    82.5     1.0
   197.5    87.5    87.5     1.0
   202.5    42.5     7.5     1.0
   202.5    62.5    12.5     1.0
   202.5    82.5    17.5     1.0
   202.5    32.5    27.5     1.0
   202.5    57.5    32.5     1.0
   202.5    72.5    37.5     1.0
   202.5    12.5    47.5     1.0
   202.5    47.5    52.5     1.0
   202.5    67.5    57.5     1.0
   202.5    82.5    62.5     1.0
   202.5    37.5    72.5     1.0
   202.5    62.5    77.5     1.0
   202.5    77.5    82.5     1.0
   207.5    27.5     2.5     1.0
   207.5    52.5     7.5     1.0
   207.5    72.5    12.5     1.0
   207.5    87.5    17.5     1.0
   207.5    42.5    27.5     1.0
   207.5    62.5    32.5     1.0
   207.5    82.5    37.5     1.0
   207.5    32.5    47.5     1.0
   207.5    57.5    52.5     1.0
   207.5    77.5    57.5     1.0
   207.5    17.5    67.5     1.0
   207.5    47.5    72.5     1.0
   207.5    67.5    77.5     1.0
   207.5    87.5    82.5     1.0
   212.5    42.5     2.5     1.0
   212.5    62.5     7.5     1.0
   212.5    82.5    12.5     1.0
   212.5    27.5    22.5     1.0
   212.5    57.5    27.5     1.0
   212.5    72.5    32.5     1.0
   212.5    12.5    42.5     1.0
   212.5    47.5    47.5     1.0
   212.5    67.5    52.5     1.0
   212.5    82.5    57.5     1.0
   212.5    37.5    67.5     1.0
   212.5    57.5    72.5     1.0
   212.5    77.5    77.5     1.0
   212.5    22.5    87.5     1.0
   217.5    52.5     2.5     1.0
   217.5    72.5     7.5     1.0
   217.5    87.5    12.5     1.0
   217.5    42.5    22.5     1.0
   217.5    62.5    27.5     1.0
   217.5    82.5    32.5     1.0
   217.5    32.5    42.5     1.0
   217.5    57.5    47.5     1.0
   217.5    77.5    52.5     1.0
   217.5    17.5    62.5     1.0
   217.5    47.5    67.5     1.0
   217.5    67.5    72.5     1.0
   217.5    87.5    77.5     1.0
   217.5    42.5    87.5     1.0
   222.5    62.5     2.5     1.0
   222.5    82.5     7.5     1.0
   222.5    27.5    17.5     1.0
   222.5    52.5    22.5     1.0
   222.5    72.5    27.5     1.0
   222.5     7.5    37.5     1.0
   222.5    47.5    42.5     1.0
   222.5    67.5    47.5     1.0
   222.5    82.5    52.5     1.0
   222.5    37.5    62.5     1.0
   222.5    57.5    67.5     1.0
   222.5    77.5    72.5     1.0
   222.5    22.5    82.5     1.0
   222.5    52.5    87.5     1.0
   227.5    72.5     2.5     1.0
   227.5    87.5     7.5     1.0
   227.5    42.5    17.5     1.0
   227.5    62.5    22.5     1.0
   227.5    82.5    27.5     1.0
   227.5    32.5    37.5     1.0
   227.5    57.5    42.5     1.0
   227.5    77.5    47.5     1.0
   227.5    17.5    57.5     1.0
   227.5    47.5    62.5     1.0
   227.5    67.5    67.5     1.0
   227.5    87.5    72.5     1.0
   227.5    37.5    82.5     1.0
   227.5    62.5    87.5     1.0
   232.5    77.5     2.5     1.0
   232.5    27.5    12.5     1.0
   232.5    52.5    17.5     1.0
   232.5    72.5    22.5     1.0
   232.5     7.5    32.5     1.0
   232.5    47.5    37.5     1.0
   232.5    67.5    42.5     1.0
   232.5    82.5    47.5     1.0
   232.5    37.5    57.5     1.0
   232.5    57.5    62.5     1.0
   232.5    77.5    67.5     1.0
   232.5    22.5    77.5     1.0
   232.5    52.5    82.5     1.0
   232.5    72.5    87.5     1.0
   237.5    87.5     2.5     1.0
   237.5    42.5    12.5     1.0
   237.5    62.5    17.5     1.0
   237.5    82.5    22.5     1.0
   237.5    32.5    32.5     1.0
   237.5    57.5    37.5     1.0
   237.5    77.5    42.5     1.0
   237.5    17.5    52.5     1.0
   237.5    47.5    57.5     1.0
   237.5    67.5    62.5     1.0
   237.5    87.5    67.5     1.0
   237.5    37.5    77.5     1.0
   237.5    62.5    82.5     1.0
   237.5    77.5    87.5     1.0
   242.5    27.5     7.5     1.0
   242.5    52.5    12.5     1.0
   242.5    72.5    17.5     1.0
   242.5     7.5    27.5     1.0
   242.5    47.5    32.5     1.0
   242.5    67.5    37.5     1.0
   242.5    82.5    42.5     1.0
   242.5    37.5    52.5     1.0
   242.5    57.5    57.5     1.0
   242.5    77.5    62.5     1.0
   242.5    22.5    72.5     1.0
   242.5    52.5    77.5     1.0
   242.5    72.5    82.5     1.0
   242.5    87.5    87.5     1.0
   247.5    42.5     7.5     1.0
   247.5    62.5    12.5     1.0
   247.5    82.5    17.5     1.0
   247.5    32.5    27.5     1.0
   247.5    57.5    32.5     1.0
   247.5    77.5    37.5     1.0
   247.5    17.5    47.5     1.0
   247.5    47.5    52.5     1.0
   247.5    67.5    57.5     1.0
   247.5    87.5    62.5     1.0
   247.5    37.5    72.5     1.0
   247.5    62.5    77.5     1.0
   247.5    77.5    82.5     1.0
   252.5    27.5     2.5     1.0
   252.5    52.5     7.5     1.0
   252.5    72.5    12.5     1.0
   252.5     2.5    22.5     1.0
   252.5    47.5    27.5     1.0
   252.5    67.5    32.5     1.0
   252.5    82.5    37.5     1.0
   252.5    37.5    47.5     1.0
   252.5    57.5    52.5     1.0
   252.5    77.5    57.5     1.0
   252.5    22.5    67.5     1.0
   252.5    52.5    72.5     1.0
   252.5    72.5    77.5     1.0
   252.5    87.5    82.5     1.0
   257.5    42.5     2.5     1.0
   257.5    62.5     7.5     1.0
   257.5    82.5    12.5     1.0
   257.5    32.5    22.5     1.0
   257.5    57.5    27.5     1.0
   257.5    72.5    32.5     1.0
   257.5    17.5    42.5     1.0
   257.5    47.5    47.5     1.0
   257.5    67.5    52.5     1.0
   257.5    87.5    57.5     1.0
   257.5    37.5    67.5     1.0
   257.5    62.5    72.5     1.0
   257.5    77.5    77.5     1.0
   257.5    27.5    87.5     1.0
   262.5    52.5     2.5     1.0
   262.5    72.5     7.5     1.0
   262.5    87.5    12.5     1.0
   262.5    47.5    22.5     1.0
   262.5    67.5    27.5     1.0
   262.5    82.5    32.5     1.0
   262.5    37.5    42.5     1.0
   262.5    57.5    47.5     1.0
   262.5    77.5    52.5     1.0
   262.5    22.5    62.5     1.0
   262.5    52.5    67.5     1.0
   262.5    72.5    72.5     1.0
   262.5    87.5    77.5     1.0
   262.5    42.5    87.5     1.0
   267.5    62.5     2.5     1.0
   267.5    82.5     7.5     1.0
   267.5    32.5    17.5     1.0
   267.5    57.5    22.5     1.0
   267.5    72.5    27.5     1.0
   267.5    12.5    37.5     1.0
   267.5    47.5    42.5     1.0
   267.5    67.5    47.5     1.0
   267.5    87.5    52.5     1.0
   267.5    37.5    62.5     1.0
   267.5    62.5    67.5     1.0
   267.5    77.5    72.5     1.0
   267.5    27.5    82.5     1.0
   267.5    52.5    87.5     1.0
   272.5    72.5     2.5     1.0
   272.5    87.5     7.5     1.0
   272.5    42.5    17.5     1.0
   272.5    67.5    22.5     1.0
   272.5    82.5    27.5     1.0
   272.5    32.5    37.5     1.0
   272.5    57.5    42.5     1.0
   272.5    77.5    47.5     1.0
   272.5    22.5    57.5     1.0
   272.5    52.5    62.5     1.0
   272.5    72.5    67.5     1.0
   272.5    87.5    72.5     1.0
   272.5    42.5    82.5     1.0
   272.5    62.5    87.5     1.0
   277.5    82.5     2.5     1.0
   277.5    32.5    12.5     1.0
   277.5    57.5    17.5     1.0
   277.5    72.5    22.5     1.0
   277.5    12.5    32.5     1.0
   277.5    47.5    37.5     1.0
   277.5    67.5    42.5     1.0
   277.5    87.5    47.5     1.0
   277.5    37.5    57.5     1.0
   277.5    62.5    62.5     1.0
   277.5    77.5    67.5     1.0
   277.5    27.5    77.5     1.0
   277.5    52.5    82.5     1.0
   277.5    72.5    87.5     1.0
   282.5    87.5     2.5     1.0
   282.5    42.5    12.5     1.0
   282.5    67.5    17.5     1.0
   282.5    82.5    22.5     1.0
   282.5    32.5    32.5     1.0
   282.5    57.5    37.5     1.0
   282.5    77.5    42.5     1.0
   282.5    22.5    52.5     1.0
   282.5    52.5    57.5     1.0
   282.5    67.5    62.5     1.0
   282.5    87.5    67.5     1.0
   282.5    42.5    77.5     1.0
   282.5    62.5    82.5     1.0
   282.5    82.5    87.5     1.0
   287.5    32.5     7.5     1.0
   287.5    57.5    12.5     1.0
   287.5    72.5    17.5     1.0
   287.5    12.5    27.5     1.0
   287.5    47.5    32.5     1.0
   287.5    67.5    37.5     1.0
   287.5    82.5    42.5     1.0
   287.5    37.5    52.5     1.0
   287.5    62.5    57.5     1.0
   287.5    77.5    62.5     1.0
   287.5    27.5    72.5     1.0
   287.5    52.5    77.5     1.0
   287.5    72.5    82.5     1.0
   287.5    87.5    87.5     1.0
   292.5    42.5     7.5     1.0
   292.5    67.5    12.5     1.0
   292.5    82.5    17.5     1.0
   292.5    32.5    27.5     1.0
   292.5    57.5    32.5     1.0
   292.5    77.5    37.5     1.0
   292.5    17.5    47.5     1.0
   292.5    47.5    52.5     1.0
   292.5    67.5    57.5     1.0
   292.5    87.5    62.5     1.0
   292.5    42.5    72.5     1.0
   292.5    62.5    77.5     1.0
   292.5    82.5    82.5     1.0
   297.5    27.5     2.5     1.0
   297.5    57.5     7.5     1.0
   297.5    72.5    12.5     1.0
   297.5    12.5    22.5     1.0
   297.5    47.5    27.5     1.0
   297.5    67.5    32.5     1.0
   297.5    82.5    37.5     1.0
   297.5    37.5    47.5     1.0
   297.5    62.5    52.5     1.0
   297.5    77.5    57.5     1.0
   297.5    22.5    67.5     1.0
   297.5    52.5    72.5     1.0
   297.5    72.5    77.5     1.0
   297.5    87.5    82.5     1.0
   302.5    42.5     2.5     1.0
   302.5    62.5     7.5     1.0
   302.5    82.5    12.5     1.0
   302.5    32.5    22.5     1.0
   302.5    57.5    27.5     1.0
   302.5    77.5    32.5     1.0
   302.5    17.5    42.5     1.0
   302.5    47.5    47.5     1.0
   302.5    67.5    52.5     1.0
   302.5    87.5    57.5     1.0
   302.5    42.5    67.5     1.0
   302.5    62.5    72.5     1.0
   302.5    82.5    77.5     1.0
   302.5    27.5    87.5     1.0
   307.5    52.5     2.5     1.0
   307.5    72.5     7.5     1.0
   307.5    12.5    17.5     1.0
   307.5    47.5    22.5     1.0
   307.5    67.5    27.5     1.0
   307.5    82.5    32.5     1.0
   307.5    37.5    42.5     1.0
   307.5    57.5    47.5     1.0
   307.5    77.5    52.5     1.0
   307.5    22.5    62.5     1.0
   307.5    52.5    67.5     1.0
   307.5    72.5    72.5     1.0
   307.5    87.5    77.5     1.0
   307.5    42.5    87.5     1.0
   312.5    62.5     2.5     1.0
   312.5    82.5     7.5     1.0
   312.5    32.5    17.5     1.0
   312.5    57.5    22.5     1.0
   312.5    77.5    27.5     1.0
   312.5    17.5    37.5     1.0
   312.5    47.5    42.5     1.0
   312.5    67.5    47.5     1.0
   312.5    87.5    52.5     1.0
   312.5    42.5    62.5     1.0
   312.5    62.5    67.5     1.0
   312.5    82.5    72.5     1.0
   312.5    27.5    82.5     1.0
   312.5    52.5    87.5     1.0
   317.5    72.5     2.5     1.0
   317.5     7.5    12.5     1.0
   317.5    47.5    17.5     1.0
   317.5    67.5    22.5     1.0
   317.5    82.5    27.5     1.0
   317.5    37.5    37.5     1.0
   317.5    57.5    42.5     1.0
   317.5    77.5    47.5     1.0
   317.5    22.5    57.5     1.0
   317.5    52.5    62.5     1.0
   317.5    72.5    67.5     1.0
   317.5    87.5    72.5     1.0
   317.5    42.5    82.5     1.0
   317.5    62.5    87.5     1.0
   322.5    82.5     2.5     1.0
   322.5    32.5    12.5     1.0
   322.5    57.5    17.5     1.0
   322.5    77.5    22.5     1.0
   322.5    17.5    32.5     1.0
   322.5    47.5    37.5     1.0
   322.5    67.5    42.5     1.0
   322.5    87.5    47.5     1.0
   322.5    37.5    57.5     1.0
   322.5    62.5    62.5     1.0
   322.5    77.5    67.5     1.0
   322.5    27.5    77.5     1.0
   322.5    52.5    82.5     1.0
   322.5    72.5    87.5     1.0
   327.5     7.5     7.5     1.0
   327.5    47.5    12.5     1.0
   327.5    67.5    17.5     1.0
   327.5    82.5    22.5     1.0
   327.5    37.5    32.5     1.0
   327.5    57.5    37.5     1.0
   327.5    77.5    42.5     1.0
   327.5    22.5    52.5     1.0
   327.5    52.5    57.5     1.0
   327.5    72.5    62.5     1.0
   327.5    87.5    67.5     1.0
   327.5    42.5    77.5     1.0
   327.5    62.5    82.5     1.0
   327.5    82.5    87.5     1.0
   332.5    32.5     7.5     1.0
   332.5    57.5    12.5     1.0
   332.5    77.5    17.5     1.0
   332.5    17.5    27.5     1.0
   332.5    47.5    32.5     1.0
   332.5    67.5    37.5     1.0
   332.5    87.5    42.5     1.0
   332.5    37.5    52.5     1.0
   332.5    62.5    57.5     1.0
   332.5    77.5    62.5     1.0
   332.5    27.5    72.5     1.0
   332.5    52.5    77.5     1.0
   332.5    72.5    82.5     1.0
   337.5     2.5     2.5     1.0
   337.5    47.5     7.5     1.0
   337.5    67.5    12.5     1.0
   337.5    82.5    17.5     1.0
   337.5    37.5    27.5     1.0
   337.5    57.5    32.5     1.0
   337.5    77.5    37.5     1.0
   337.5    22.5    47.5     1.0
   337.5    52.5    52.5     1.0
   337.5    72.5    57.5     1.0
   337.5    87.5    62.5     1.0
   337.5    42.5    72.5     1.0
   337.5    62.5    77.5     1.0
   337.5    82.5    82.5     1.0
   342.5    32.5     2.5     1.0
   342.5    57.5     7.5     1.0
   342.5    72.5    12.5     1.0
   342.5    17.5    22.5     1.0
   342.5    47.5    27.5     1.0
   342.5    67.5    32.5     1.0
   342.5    87.5    37.5     1.0
   342.5    37.5    47.5     1.0
   342.5    62.5    52.5     1.0
   342.5    77.5    57.5     1.0
   342.5    27.5    67.5     1.0
   342.5    52.5    72.5     1.0
   342.5    72.5    77.5     1.0
   342.5    87.5    82.5     1.0
   347.5    47.5     2.5     1.0
   347.5    67.5     7.5     1.0
   347.5    82.5    12.5     1.0
   347.5    37.5    22.5     1.0
   347.5    57.5    27.5     1.0
   347.5    77.5    32.5     1.0
   347.5    22.5    42.5     1.0
   347.5    52.5    47.5     1.0
   347.5    72.5    52.5     1.0
   347.5    87.5    57.5     1.0
   347.5    42.5    67.5     1.0
   347.5    62.5    72.5     1.0
   347.5    82.5    77.5     1.0
   347.5    32.5    87.5     1.0
   352.5    57.5     2.5     1.0
   352.5    72.5     7.5     1.0
   352.5    12.5    17.5     1.0
   352.5    47.5    22.5     1.0
   352.5    67.5    27.5     1.0
   352.5    87.5    32.5     1.0
   352.5    37.5    42.5     1.0
   352.5    62.5    47.5     1.0
   352.5    77.5    52.5     1.0
   352.5    27.5    62.5     1.0
   352.5    52.5    67.5     1.0
   352.5    72.5    72.5     1.0
   352.5    87.5    77.5     1.0
   352.5    42.5    87.5     1.0
   357.5    67.5     2.5     1.0
   357.5    82.5     7.5     1.0
   357.5    32.5    17.5     1.0
   357.5    57.5    22.5     1.0
   357.5    77.5    27.5     1.0
   357.5    22.5    37.5     1.0
   357.5    52.5    42.5     1.0
   357.5    72.5    47.5     1.0
   357.5    87.5    52.5     1.0
   357.5    42.5    62.5     1.0
   357.5    62.5    67.5     1.0
   357.5    82.5    72.5     1.0
   357.5    32.5    82.5     1.0
   357.5    57.5    87.5     1.0
